112
115
133
134
140
146
154
155
156
172
176
177
180
205
215
219
220
223
227
229
253
269
270
275
277
278
286
292
293
298
301
305
322
336
351
352
356
364
369
384
385
406
409
417
427
433
439
451
452
456
466
470
475
493
505
513
519
527
537
545
555
568
598
616
626
629
663
665
669
670
681
700
702
705
707
710
720
732
738
755
756
778
787
788
793
794
795
796
797
810
834
843
855
868
871
880
885
887
899
917
919
921
927
929
933
935
939
940
952
961
962
965
967
1112
1115
1134
1140
1146
1154
1155
1156
1172
1176
1180
1205
1215
1219
1220
1223
1229
1253
1269
1270
1275
1277
1286
1292
1293
1301
1305
1322
1336
1351
1352
1356
1364
1369
1384
1385
1406
1409
1417
1427
1433
1439
1452
1466
1470
1475
1493
1505
1513
1519
1527
1537
1545
1555
1616
1626
1629
1663
1669
1670
1681
1696
1700
1702
1705
1710
1720
1732
1755
1756
1778
1787
1788
1793
1794
1795
1797
1810
1834
1843
1855
1868
1871
1880
1885
1887
1899
1900
1917
1919
1921
1927
1929
1933
1935
1940
1952
1961
1962
1965
1967
2112
2115
2133
2134
2140
2146
2154
2155
2156
2172
2176
2177
2180
2205
2215
2219
2220
2223
2227
2229
2253
2269
2270
2275
2277
2278
2286
2292
2293
2298
2301
2302
2305
2322
2336
2351
2352
2356
2364
2369
2384
2385
2406
2409
2417
2427
2433
2439
2451
2452
2456
2466
2470
2475
2493
2505
2513
2519
2527
2537
2545
2555
2598
2616
2626
2629
2663
2665
2669
2670
2681
2700
2702
2705
2707
2710
2720
2732
2738
2755
2756
2778
2787
2788
2793
2794
2795
2796
2797
2810
2834
2843
2855
2868
2871
2880
2885
2887
2899
2917
2919
2921
2927
2929
2933
2935
2939
2940
2952
2961
2962
2965
2967
3112
3115
3133
3134
3140
3146
3154
3155
3156
3172
3176
3180
3205
3215
3219
3220
3223
3227
3229
3253
3269
3270
3275
3277
3278
3286
3292
3293
3301
3305
3322
3336
3351
3352
3356
3369
3384
3385
3406
3409
3417
3427
3433
3439
3451
3452
3466
3470
3475
3493
3505
3513
3519
3527
3537
3545
3555
3598
3616
3626
3629
3663
3665
3669
3670
3681
3700
3702
3705
3710
3720
3732
3755
3756
3778
3787
3788
3793
3794
3795
3797
3810
3834
3843
3855
3868
3871
3880
3885
3887
3899
3917
3919
3921
3927
3929
3933
3935
3940
3952
3961
3962
3965
3967
4010
4013
4021
4026
4057
4073
4082
4100
4112
4115
4134
4140
4146
4154
4155
4156
4172
4176
4180
4205
4215
4219
4220
4223
4229
4253
4269
4270
4275
4277
4286
4292
4293
4301
4305
4322
4336
4351
4352
4356
4369
4384
4385
4406
4409
4417
4427
4433
4439
4452
4466
4470
4475
4493
4505
4513
4519
4527
4537
4545
4555
4616
4626
4629
4663
4669
4670
4681
4696
4700
4702
4705
4710
4720
4727
4732
4755
4756
4778
4787
4793
4794
4795
4797
4810
4834
4843
4855
4868
4871
4880
4885
4887
4899
4900
4917
4919
4927
4929
4933
4935
4940
4952
4961
4962
4965
4967
5010
5013
5021
5026
5073
5082
5100
5112
5115
5133
5134
5140
5146
5154
5155
5156
5172
5176
5180
5205
5215
5219
5220
5223
5229
5253
5269
5270
5275
5277
5278
5286
5292
5293
5301
5305
5322
5336
5351
5352
5356
5369
5384
5385
5406
5409
5417
5427
5433
5439
5451
5452
5466
5470
5475
5493
5505
5513
5519
5527
5537
5545
5555
5616
5626
5629
5663
5665
5669
5670
5681
5700
5702
5705
5710
5720
5732
5755
5756
5778
5787
5788
5793
5794
5795
5797
5810
5834
5843
5855
5868
5871
5880
5885
5887
5899
5917
5919
5927
5929
5933
5935
5940
5952
5961
5962
5965
5967
6010
6013
6021
6026
6057
6073
6082
6100
6112
6115
6133
6134
6140
6146
6154
6155
6156
6172
6176
6180
6205
6215
6219
6220
6223
6227
6229
6253
6269
6270
6275
6277
6278
6286
6292
6293
6301
6305
6322
6336
6351
6352
6356
6369
6384
6385
6406
6409
6417
6427
6433
6439
6451
6452
6466
6470
6475
6493
6505
6513
6519
6527
6537
6545
6555
6598
6616
6626
6629
6663
6665
6669
6670
6681
6700
6702
6705
6710
6720
6732
6755
6756
6778
6787
6788
6793
6794
6795
6797
6810
6834
6843
6855
6868
6871
6880
6885
6887
6899
6917
6919
6921
6927
6929
6933
6935
6940
6952
6961
6962
6965
6967
