163
182
197
268
271
287
289
299
305
312
314
326
329
332
362
379
418
419
451
452
453
459
472
479
494
509
529
564
594
601
603
605
610
622
632
651
657
669
670
671
677
771
779
816
826
835
839
844
863
866
871
890
937
943
959
966
969
975
980
991
996
1163
1182
1197
1268
1271
1289
1305
1312
1314
1326
1329
1362
1379
1418
1419
1451
1452
1453
1459
1479
1494
1509
1594
1601
1603
1605
1610
1622
1632
1651
1657
1671
1677
1738
1771
1779
1826
1835
1839
1844
1863
1866
1871
1937
1943
1966
1969
1975
1991
1996
2163
2182
2197
2252
2268
2271
2287
2289
2299
2305
2312
2314
2326
2329
2332
2362
2379
2380
2418
2419
2425
2451
2452
2453
2459
2472
2479
2494
2509
2529
2594
2601
2603
2605
2610
2622
2632
2651
2657
2669
2670
2671
2677
2771
2779
2826
2835
2839
2844
2863
2866
2871
2890
2937
2943
2959
2966
2969
2975
2991
2996
3163
3182
3197
3268
3271
3287
3289
3312
3314
3329
3362
3379
3418
3419
3451
3452
3453
3459
3472
3479
3494
3509
3594
3601
3603
3605
3610
3622
3632
3651
3657
3669
3670
3671
3677
3771
3779
3826
3835
3839
3844
3863
3866
3871
3890
3937
3943
3959
3966
3969
3975
3991
3996
4029
4038
4063
4065
4083
4163
4182
4197
4268
4271
4289
4305
4312
4314
4326
4329
4362
4379
4418
4419
4451
4452
4453
4459
4472
4479
4494
4509
4594
4601
4603
4605
4610
4622
4632
4651
4657
4671
4677
4738
4771
4779
4826
4835
4839
4844
4863
4866
4871
4937
4943
4966
4969
4975
4991
4996
5038
5063
5065
5083
5163
5182
5197
5268
5271
5287
5289
5312
5314
5329
5362
5379
5418
5419
5451
5452
5453
5459
5472
5479
5494
5509
5594
5601
5603
5605
5610
5622
5632
5651
5657
5670
5671
5677
5771
5779
5826
5835
5839
5844
5863
5866
5871
5890
5937
5943
5966
5969
5975
5991
5996
6038
6063
6065
6083
6163
6182
6197
6268
6271
6287
6289
6312
6314
6329
6362
6379
6418
6419
6451
6452
6453
6459
6472
6479
6494
6509
6594
6601
6603
6605
6610
6622
6632
6651
6657
6669
6670
6671
6677
6771
6779
6826
6835
6839
6844
6846
6863
6866
6871
6890
6937
6943
6959
6966
6969
6975
6991
6996
