853
1156
1785
2070
2662
2672
2673
2686
2698
2997
3269
3272
3285
4488
4505
4512
4795
5123
5737
6008
6321
8461
8469
8696
8698
8701
8748
8749
8754
8759
8811
8843
8884
8885
8892
8919
8923
8924
8928
8961
8962
8963
8964
8967
9054
9055
9113
9152
9223
9228
9303
9304
9306
9352
9373
9492
9493
9495
9605
9643
9651
9658
9664
9669
9670
9677
9682
9686
9688
9726
9800
9803
9832
9873
9874
9945
9968
9977
9981
9989
10025
10029
10062
10064
10105
10106
10107
10144
10180
10181
10184
10216
10218
10251
10254
10257
10262
10263
10264
10265
10269
10440
10443
10479
10483
10484
10485
10559
10575
10576
10582
10883
10935
10941
10943
10981
11011
11085
11093
11096
11123
11175
11180
11188
11193
11792
12088
12096
12122
12229
12233
12234
12235
12301
12341
12401
12426
12453
12533
12693
12725
13337
13633
13930
14288
15236
15310
15349
15437
15460
15645
15737
15740
15753
16045
16061
16353
16681
16944
16960
16963
16970
16983
17253
17259
17265
17270
17290
17317
17318
17557
17589
17593
17897
18008
18082
18176
18382
18492
18501
18693
18764
18768
18771
18790
18796
18798
18913
18956
18957
18960
19564
19567
19705
20000
20209
20284
20293
20302
20304
20310
20321
20360
20476
20479
20482
20509
20510
20518
20520
20547
20739
20905
20938
20968
21012
21156
21158
21211
21309
21393
21470
21525
21611
21732
21768
21773
21814
21830
21832
21833
21835
21850
21886
21919
21991
21995
21996
21997
21998
22001
22002
22032
22039
22113
22114
22117
22121
22133
22140
22149
22184
22188
22189
22192
22219
22222
22229
22259
22260
22261
22262
22265
22266
22267
22268
22302
22333
22337
22338
22342
22371
22456
22563
22735
22792
22869
22905
23023
23040
23043
23051
23057
23058
23065
23131
23132
23141
23172
23180
23207
23212
23254
23255
23256
23287
23294
23321
23326
23336
23364
23400
23479
23480
23484
23512
23513
23518
23519
23520
23558
23589
23591
23593
23595
23625
23634
23639
23649
23958
23969
24086
24157
24245
24253
24395
24431
24434
24503
24539
24541
24545
24550
24557
24560
24565
24579
24657
24731
24732
24804
24809
24863
24864
24874
24876
24919
24920
24925
24926
24928
24955
25464
25497
25605
25770
25773
26080
26395
26990
27294
27295
27306
27307
27469
27504
27509
27577
27596
27621
27740
27806
27913
27930
28042
28225
28226
28531
28570
28800
28825
28834
28872
28986
28987
28993
29099
29107
29116
29131
29292
29293
29298
29416
29418
29594
29597
29676
29722
29723
29724
29725
29726
29728
30206
30208
30210
30238
30348
