7004
7005
7011
7013
7014
7016
7020
7021
7023
7025
7027
7029
7032
7033
7034
7036
7037
7039
7043
7044
7045
7047
7048
7050
7052
7059
7062
7063
7068
7069
7070
7075
7077
7083
7086
7090
7091
7093
7094
7095
7097
7098
7099
7101
7102
7103
7104
7107
7108
7113
7114
7115
7116
7117
7119
7120
7121
7123
7124
7126
7128
7129
7130
7132
7133
7140
7141
7142
7144
7147
7148
7149
7150
7151
7154
7156
7157
7158
7160
7161
7169
7170
7173
7175
7176
7180
7181
7182
7183
7184
7187
7191
7193
7196
7198
7201
7206
7210
7214
7215
7221
7222
7223
7224
7225
7226
7227
7229
7230
7232
7237
7241
7242
7243
7251
7252
7257
7260
7262
7263
7265
7268
7269
7270
7271
7274
7275
7277
7278
7280
7282
7284
7286
7287
7289
7290
7296
7299
7300
7301
7303
7304
7306
7311
7312
7313
7314
7320
7321
7324
7327
7328
7330
7331
7332
7333
7334
7335
7338
7342
7343
7345
7346
7347
7352
7356
7359
7360
7362
7364
7365
7366
7367
7369
7371
7372
7377
7378
7379
7381
7382
7383
7384
7387
7390
7408
7410
7411
7414
7415
7417
7418
7422
7424
7426
7430
7431
7433
7436
7437
7440
7441
7442
7444
7446
7448
7449
7451
7452
7453
7454
7457
7458
7463
7466
7467
7469
7471
7475
7476
7494
7496
7497
7501
7502
7503
7504
7513
7514
7515
7516
7518
7519
7522
7527
7535
7540
7541
7542
7549
7555
7574
7575
7577
7579
7584
7592
7594
7595
7596
7600
7604
7606
7607
7609
7617
7624
7625
7626
7635
7640
7642
7646
7648
7649
7656
7658
7659
7660
7662
7665
7668
7670
7673
7674
7678
7683
7689
7690
7691
7692
7693
7695
7696
7697
7698
7704
7709
7715
7716
7719
7720
7727
7729
7734
7738
7745
7747
7750
7751
7754
7760
7765
7766
7767
7770
7774
7775
7777
7778
7779
7782
7783
7785
7788
7789
7793
7794
7798
7799
7807
7809
7816
7817
7819
7821
7828
7834
7836
7837
7838
7839
7841
7842
7846
7847
7849
7850
7851
7854
7855
7857
7859
7863
7866
7867
7869
7870
7881
7882
7886
7887
7888
7890
7899
7900
7901
7903
7904
7905
7906
7908
7910
7912
7914
7915
7916
7926
7929
7933
7937
7941
7942
7954
7955
7957
7959
7960
7961
7962
7965
7966
7967
7971
7973
7975
7977
7979
7980
7981
7982
7984
7986
7989
7990
7991
7992
