3006
3007
3075
3230
3520
5773
6001
6005
6006
6008
6010
6011
6016
6017
6020
6025
6026
6045
6048
6054
6059
6061
6073
6083
6091
6094
6100
6102
6106
6114
6117
6135
6136
6150
6155
6156
6158
6166
6168
6171
6176
6177
6182
6183
6187
6190
6191
6202
6212
6231
6232
6233
6235
6236
6238
6243
6257
6264
6267
6268
6278
6280
6288
6290
6293
6296
6311
6313
6314
6316
6317
6318
6319
6326
6337
6359
6365
6368
6369
6375
6376
6378
6389
6392
6397
6400
6401
6402
6403
6405
6407
6419
6424
6427
6438
6444
6445
6453
6454
6456
6462
6473
6478
6479
6481
6486
6489
6491
6493
6494
6500
6503
6504
6507
6509
6511
6512
6521
6533
6534
6535
6538
6539
6543
6544
6546
6547
6548
6552
6553
6555
6557
6558
6567
6574
6575
6576
6578
6579
6580
6586
6587
6588
6591
6593
6597
6602
6603
6610
6612
6615
6616
6620
6621
6622
6624
6625
6627
6628
6631
6632
6636
6637
6638
6642
6643
6644
6652
6656
6657
6661
6663
6666
6671
6672
6673
6675
6679
6680
6681
6683
6687
6690
6694
6695
6696
6699
6700
6702
6703
6704
6705
6706
6707
6709
6711
6712
6714
6715
6716
6717
6719
6720
6723
6724
6725
6726
6732
6733
6735
6741
6742
6743
6746
6748
6749
6750
6751
6752
6753
6756
6757
6759
6762
6767
6768
6769
6774
6775
6776
6777
6778
6779
6781
6786
6787
6792
6794
6797
6798
6799
6800
6801
6802
6803
6804
6810
6813
6815
6816
6817
6818
6819
6823
6824
6825
6827
6828
6829
6830
6833
6834
6837
6838
6840
6843
6845
6846
6851
6852
6853
6854
6857
6858
6859
6860
6861
6863
6865
6866
6867
6871
6872
6874
6875
6876
6877
6879
6889
6893
6895
6896
6900
6905
6907
6920
6921
6922
6923
6924
6929
6931
6932
6936
6938
6941
6945
6946
6948
6949
6950
6951
6953
6956
6957
6958
6959
6963
6964
6967
6968
6970
6973
6974
6975
6976
6986
6988
6991
6995
6996
6997
6998
7004
7005
7011
7013
7014
7016
7020
7021
7023
7025
7027
7029
7032
7033
7034
7036
7037
7039
7043
7044
7045
7047
7048
7050
7052
7059
7062
7063
7068
7069
7070
7075
7077
7083
7086
7090
7091
7093
7094
7095
7097
7098
7099
7101
7102
7103
7104
7107
7108
7109
7113
7114
7115
7116
7117
7119
7120
7121
7123
7124
7126
7128
7129
7130
7132
7133
7140
7141
7142
7144
7147
7148
7149
7150
7151
7154
7156
7157
7158
7160
7161
7169
7170
7173
7175
7176
7180
7181
7182
7183
7184
7187
7191
7193
7196
7198
7201
7206
7210
7214
7215
7221
7222
7223
7224
7225
7226
7227
7229
7230
7232
7237
7241
7242
7243
7251
7252
7257
7260
7262
7263
7265
7268
7269
7270
7271
7274
7275
7277
7278
7280
7282
7284
7286
7287
7289
7290
7296
7299
7300
7301
7303
7304
7306
7311
7312
7313
7314
7320
7321
7324
7327
7328
7330
7331
7332
7333
7334
7335
7338
7342
7343
7345
7346
7347
7352
7356
7359
7360
7362
7364
7365
7366
7367
7369
7371
7372
7377
7378
7379
7381
7382
7383
7384
7387
7390
7408
7410
7411
7414
7415
7417
7418
7422
7424
7426
7430
7431
7433
7436
7437
7440
7441
7442
7444
7446
7448
7449
7451
7452
7453
7454
7457
7458
7463
7466
7467
7469
7471
7475
7476
7494
7496
7497
7501
7502
7503
7504
7513
7514
7515
7516
7518
7519
7522
7527
7535
7540
7541
7542
7549
7555
7574
7575
7577
7579
7584
7592
7594
7595
7596
7600
7604
7606
7607
7609
7617
7624
7625
7626
7635
7640
7642
7646
7648
7649
7656
7658
7659
7660
7662
7665
7668
7670
7673
7674
7678
7683
7689
7690
7691
7692
7693
7695
7696
7697
7698
7704
7709
7715
7716
7719
7720
7727
7729
7734
7738
7745
7747
7750
7751
7754
7760
7765
7766
7767
7770
7774
7775
7777
7778
7779
7782
7783
7785
7788
7789
7793
7794
7798
7799
7807
7809
7816
7817
7819
7821
7828
7834
7836
7837
7838
7839
7841
7842
7846
7847
7849
7850
7851
7854
7855
7857
7859
7863
7866
7867
7869
7870
7881
7882
7886
7887
7888
7890
7899
7900
7901
7903
7904
7905
7906
7908
7910
7912
7914
7915
7916
7926
7929
7933
7937
7941
7942
7952
7954
7955
7957
7959
7960
7961
7962
7965
7966
7967
7971
7973
7975
7977
7979
7980
7981
7982
7984
7986
7989
7990
7991
7992
9158
9159
9160
9161
9162
9163
9164
9165
9166
9167
9168
9169
9170
9171
9172
9173
9174
9175
9176
9177
9178
9179
9180
9181
9182
9183
9184
9185
9186
9187
9188
9189
9190
9191
9192
9193
9194
9195
9196
9197
9198
9199
9200
9201
9202
9203
9204
9205
9206
9207
9208
9209
9210
9211
9212
9213
9214
9215
9216
9217
9218
9219
9220
9221
9222
9223
9224
9225
9226
9227
9228
9229
9230
9231
9232
9233
9234
9235
9236
9237
9238
9239
9240
9241
9242
9243
9244
9245
9246
9247
9248
9249
9250
9251
9252
9253
9254
9255
9256
9257
9258
9259
9260
9261
9262
9263
9264
9265
9266
9267
9268
9269
9270
9271
9272
9273
9274
9275
9276
9277
9278
9279
9280
9281
9282
9283
9284
9285
9286
9287
9288
9289
9290
9291
9292
9293
9294
9295
9296
9297
9298
9299
9300
9301
9302
9303
9304
9305
9306
9307
9308
9309
9310
9311
9312
9313
9314
9315
9316
9317
9318
9319
9320
9321
9322
9323
9324
9325
9326
9327
9328
9329
9330
9331
9332
9333
9334
9335
9336
9337
9338
9339
9340
9341
9342
9343
9344
9345
9346
9347
9348
9349
9350
9351
9352
9353
9354
9355
9356
9357
9358
9359
9360
9361
9362
9363
9364
9365
9366
9367
9368
9369
9370
9371
9372
9373
9374
9375
9376
9377
9378
9379
9380
9381
9382
9383
9384
9385
9386
9387
9388
9389
9390
9391
9392
9393
9394
9395
9396
9397
9398
9399
9400
9401
9402
9403
9404
9405
9406
9407
9408
9409
9410
9411
9412
9413
9414
9415
9416
9417
9418
9419
9420
9421
9422
9423
9424
9425
9426
9427
9428
9429
9430
9431
9432
9433
9434
9435
9436
9437
9438
9439
9440
9441
9442
9443
9444
9445
9446
9447
9448
9449
9450
9451
9452
9453
9454
9455
9456
9457
9458
9459
9460
9461
9462
9463
9464
9465
9466
9467
9468
9469
9470
9471
9472
9473
9474
9475
9476
9477
9478
9479
9480
9481
9482
9483
9484
9485
9486
9487
9488
9489
9490
9491
9492
9493
9494
9495
9496
9497
9498
9499
9500
9501
9502
9503
9504
9505
9506
9507
9508
9509
9510
9511
9512
9513
9514
9515
9516
9517
9518
9519
9520
9521
9522
9523
9524
9525
9526
9527
9528
9529
9530
9531
9532
9533
9534
9535
9536
9537
9538
9539
9540
9541
9542
9543
9544
9545
9546
9547
9548
9549
9550
9551
9552
9553
9554
9555
9556
9557
9558
9559
9560
9561
9562
9563
9564
9565
9566
9567
9568
9569
9570
9571
9572
9573
9574
9575
9576
9577
9578
9579
9580
9581
9582
9583
9584
9585
9586
9587
9588
9589
9590
9591
9592
9593
9594
9595
9596
9597
9598
9599
9600
9601
9602
9603
9604
9605
9606
9607
9608
9609
9610
9611
9612
9613
9614
9615
9616
9617
9618
9619
9620
9621
9622
9623
9624
9625
9626
9627
9628
9629
9630
9631
9632
9633
9634
9635
9636
9637
9638
9639
9640
9641
9642
9643
9644
9645
9646
9647
9648
9649
9650
9651
9652
9653
9654
9655
9656
9657
9658
9659
9660
9661
9662
9663
9664
9665
9666
9667
9668
9669
9670
9671
9672
9673
9674
9675
9676
9677
9678
9679
9680
9681
9682
9683
9684
9685
9686
9687
9688
9689
9690
9691
9692
9693
9694
9695
9696
9697
9698
9699
9700
9701
9702
9703
9704
9705
9706
9707
9708
9709
9710
9711
9712
9713
9714
9715
9716
9717
9718
9719
9720
9721
9722
9723
9724
9725
9726
9727
9728
9729
9730
9731
9732
9733
9734
9735
9736
9737
9738
9739
9740
9741
9742
9743
9744
9745
9746
9747
9748
9749
9750
9751
9752
9753
9754
9755
9756
9757
9758
9759
9760
9761
9762
9763
9764
9765
9766
9767
9768
9769
9770
9771
9772
9773
9774
9775
9776
9777
9778
9779
9780
9781
9782
9783
9784
9785
9786
9787
9788
9789
9790
9791
9792
9793
9794
9795
9796
9797
9798
9799
9800
9801
9802
9803
9804
9805
9806
9807
9808
9809
9810
9811
9812
9813
9814
9815
9816
9817
9818
9819
9820
9821
9822
9823
9824
9825
9826
9827
9828
9829
9830
9831
9832
9833
9834
9835
9836
9837
9838
9839
9840
9841
9842
9843
9844
9845
9846
9847
9848
9849
9850
9851
9852
9853
9854
9855
9856
9857
9858
9859
9860
9861
9862
9863
9864
9865
9866
9867
9868
9869
9870
9871
9872
9873
9874
9875
9876
9877
9878
9879
9880
9881
9882
9883
9884
9885
9886
9887
9888
9889
9890
9891
9892
9893
9894
9895
9896
9897
9898
9899
9900
9901
9902
9903
9904
9905
9906
9907
9908
9909
9910
9911
9912
9913
9914
9915
9916
9917
9918
9919
9920
9921
9922
9923
9924
9925
9926
9927
9928
9929
9930
9931
9932
9933
9934
9935
9936
9937
9938
9939
9940
9941
9942
9943
9944
9945
9946
9947
9948
9949
9950
9951
9952
9953
9954
9955
9956
9957
9958
9959
9960
9961
9962
9963
9964
9965
9966
9967
9968
9969
9970
9971
9972
9973
9974
9975
9976
9977
9978
9979
9980
9981
9982
9983
9984
9985
9986
9987
9988
9989
9990
9991
9992
9993
9994
9995
9996
9997
9998
9999
10000
