1
4
6
8
15
21
40
43
44
47
48
55
58
60
72
74
82
83
85
86
89
103
115
118
119
135
147
149
152
153
157
159
166
178
181
182
189
191
193
194
195
201
213
219
223
232
239
243
244
252
253
256
278
281
290
291
299
300
302
312
323
325
326
327
333
334
338
345
371
372
374
380
387
388
401
402
406
408
414
424
429
434
442
444
449
452
455
467
472
474
480
486
488
490
495
498
501
513
517
520
524
526
528
529
535
542
549
553
556
557
559
560
568
570
571
574
582
591
599
602
607
614
617
621
622
625
629
633
634
643
645
649
657
658
663
669
672
674
681
682
691
695
700
701
706
708
714
719
722
727
730
736
737
753
768
770
771
784
796
798
805
809
812
832
835
852
853
854
861
862
866
869
879
882
889
890
892
905
909
910
921
926
931
935
942
944
954
959
969
972
974
979
980
981
982
983
986
987
988
991
993
999
1011
1015
1017
1030
1031
1041
1045
1051
1070
1077
1082
1086
1087
1088
1090
1094
1096
1100
1102
1105
1107
1108
1113
1116
1122
1137
1138
1141
1144
1147
1152
1154
1175
1177
1179
1189
1193
1196
1199
1200
1204
1207
1219
1222
1224
1232
1237
1240
1248
1254
1257
1265
1269
1290
1299
1302
1307
1309
1315
1321
1324
1326
1328
1335
1348
1350
1353
1355
1365
1373
1382
1384
1390
1396
1397
1399
1407
1423
1428
1434
1437
1441
1442
1448
1450
1451
1458
1459
1460
1461
1466
1472
1480
1481
1490
1491
1499
1501
1506
1518
1521
1525
1535
1546
1548
1549
1552
1556
1559
1560
1569
1580
1583
1586
1590
1597
1598
1609
1610
1612
1618
1627
1639
1646
1651
1657
1658
1671
1679
1680
1681
1683
1686
1694
1695
1705
1711
1723
1725
1728
1731
1732
1744
1746
1747
1751
1770
1775
1778
1783
1789
1793
1796
1800
1802
1808
1819
1820
1825
1832
1833
1834
1854
1855
1862
1871
1877
1879
1881
1884
1888
1889
1891
1893
1902
1908
1926
1930
1931
1935
1941
1942
1950
1951
1955
1956
1960
1962
1966
1971
1974
1979
1980
1984
1989
1994
1995
1999
2023
2032
2034
2036
2037
2052
2054
2055
2060
2061
2065
2070
2081
2094
2098
2099
2100
2107
2109
2110
2130
2136
2144
2148
2151
2152
2155
2156
2170
2174
2181
2184
2196
2199
2203
2206
2208
2215
2218
2220
2221
2230
2235
2238
2239
2243
2245
2246
2249
2250
2261
2269
2275
2278
2285
2287
2288
2291
2294
2300
2303
2309
2316
2318
2332
2333
2338
2340
2347
2355
2359
2368
2369
2372
2376
2378
2379
2381
2385
2386
2389
2394
2398
2401
2402
2406
2417
2420
2424
2427
2429
2430
2431
2435
2438
2442
2443
2447
2451
2454
2459
2466
2471
2484
2487
2488
2490
2493
2495
2500
2501
2512
2514
2515
2516
2517
2518
2520
2526
2527
2529
2532
2534
2536
2537
2540
2545
2546
2548
2557
2559
2565
2571
2577
2579
2580
2581
2593
2595
2600
2604
2606
2613
2617
2630
2632
2633
2636
2654
2657
2659
2660
2665
2666
2668
2669
2675
2676
2678
2679
2682
2684
2690
2692
2704
2712
2723
2739
2743
2746
2753
2761
2762
2765
2772
2773
2774
2785
2790
2792
2794
2807
2811
2828
2834
2835
2839
2842
2845
2852
2854
2855
2857
2869
2871
2883
2884
2893
2904
2909
2912
2919
2925
2928
2929
2953
2961
2962
2964
2966
2970
2974
2978
2986
2987
2988
2990
2995
2996
3001
3002
3008
3009
3012
3013
3026
3036
3041
3053
3057
3064
3065
3072
3073
3084
3085
3090
3094
3098
3104
3108
3112
3114
3116
3117
3123
3124
3125
3127
3129
3133
3140
3141
3145
3151
3153
3163
3168
3171
3180
3191
3192
3193
3196
3199
3204
3206
3211
3214
3215
3216
3217
3222
3223
3229
3230
3233
3246
3250
3263
3264
3265
3268
3269
3271
3275
3277
3278
3282
3293
3295
3303
3311
3315
3319
3321
3322
3325
3340
3350
3351
3356
3358
3366
3368
3370
3379
3382
3385
3387
3389
3391
3399
3401
3403
3407
3408
3409
3414
3418
3420
3423
3428
3431
3432
3433
3441
3447
3449
3453
3457
3459
3462
3464
3465
3469
3478
3479
3480
3482
3485
3486
3487
3488
3490
3498
3500
3503
3515
3516
3519
3520
3521
3526
3528
3531
3532
3534
3539
3552
3557
3559
3560
3562
3569
3571
3580
3582
3586
3589
3596
3608
3611
3612
3617
3618
3622
3624
3629
3633
3634
3637
3639
3641
3643
3651
3652
3660
3664
3675
3676
3691
3692
3694
3696
3698
3701
3703
3705
3706
3710
3714
3718
3719
3724
3727
3739
3744
3751
3755
3760
3769
3771
3773
3775
3778
3782
3785
3786
3793
3798
3799
3803
3807
3812
3814
3816
3823
3831
3836
3838
3843
3844
3846
3849
3855
3863
3872
3873
3877
3888
3891
3894
3898
3901
3908
3910
3911
3924
3926
3929
3930
3936
3937
3941
3943
3944
3945
3952
3958
3959
3960
3962
3965
3967
3968
3969
3973
3975
3981
3982
3985
3987
4001
4005
4012
4018
4029
4037
4049
4052
4057
4062
4066
4067
4070
4072
4073
4079
4084
4085
4088
4090
4091
4092
4095
4098
4105
4107
4108
4112
4114
4116
4123
4125
4129
4130
4133
4136
4141
4149
4151
4152
4160
4162
4168
4171
4172
4180
4187
4191
4195
4196
4199
4204
4206
4210
4211
4216
4217
4221
4222
4223
4229
4230
4231
4233
4234
4235
4238
4240
4255
4256
4262
4265
4266
4268
4269
4271
4275
4278
4279
4285
4287
4293
4295
4302
4303
4306
4311
4312
4315
4319
4321
4322
4327
4329
4332
4333
4340
4350
4351
4356
4358
4364
4366
4370
4374
4378
4379
4382
4385
4389
4391
4392
4401
4407
4408
4414
4418
4420
4423
4424
4428
4431
4433
4449
4455
4459
4471
4478
4479
4482
4485
4486
4487
4488
4492
4496
4500
4512
4517
4520
4521
4528
4531
4532
4534
4535
4539
4543
4557
4560
4564
4571
4575
4577
4578
4580
4586
4589
4599
4608
4611
4612
4616
4617
4618
4622
4623
4624
4628
4633
4641
4642
4643
4646
4649
4651
4652
4659
4660
4672
4681
4691
4699
4703
4706
4718
4724
4727
4731
4734
4744
4751
4755
4757
4758
4760
4761
4763
4769
4771
4773
4775
4778
4780
4782
4785
4787
4793
4800
4803
4807
4810
4815
4816
4828
4830
4835
4836
4837
4838
4844
4846
4849
4851
4857
4863
4869
4873
4878
4885
4891
4894
4898
4908
4910
4911
4919
4926
4929
4930
4937
4941
4942
4943
4951
4952
4955
4959
4962
4968
4969
4973
4974
4975
4981
4987
4989
4990
4992
4996
5001
5002
5005
5008
5013
5014
5018
5023
5030
5044
5049
5052
5053
5057
5060
5063
5066
5067
5068
5072
5073
5078
5079
5084
5085
5088
5089
5090
5091
5098
5100
5102
5104
5105
5108
5112
5114
5121
5123
5124
5125
5126
5127
5129
5133
5136
5140
5141
5149
5153
5154
5163
5168
5169
5171
5175
5178
5180
5181
5182
5191
5204
5206
5210
5213
5215
5216
5217
5221
5223
5229
5230
5233
5234
5238
5240
5243
5244
5246
5250
5256
5262
5263
5264
5268
5269
5271
5272
5274
5277
5278
5279
5281
5282
5284
5287
5290
5295
5297
5303
5306
5310
5311
5315
5319
5321
5322
5327
5329
5343
5350
5351
5353
5358
5361
5364
5366
5368
5377
5379
5382
5383
5385
5387
5389
5391
5399
5401
5403
5408
5409
5410
5414
5418
5420
5422
5423
5427
5428
5430
5441
5453
5457
5459
5461
5464
5476
5477
5478
5479
5480
5481
5482
5485
5486
5487
5489
5494
5498
5500
5507
5510
5512
5515
5519
5520
5521
5524
5527
5528
5531
5533
5534
5535
5539
5543
5552
5554
5556
5557
5559
5560
5562
5564
5569
5575
5577
5578
5586
5589
5596
5598
5608
5611
5612
5616
5617
5618
5622
5623
5624
5628
5629
5630
5632
5633
5639
5641
5642
5645
5646
5647
5651
5652
5660
5664
5676
5678
5689
5692
5697
5699
5701
5703
5705
5706
5710
5714
5718
5719
5732
5734
5744
5748
5751
5755
5757
5758
5759
5761
5763
5769
5771
5773
5778
5780
5782
5785
5787
5793
5799
5800
5803
5807
5812
5815
5816
5818
5831
5835
5836
5838
5843
5844
5846
5849
5851
5855
5857
5858
5859
5872
5873
5885
5886
5888
5890
5891
5894
5898
5900
5908
5922
5925
5926
5929
5933
5936
5937
5940
5941
5943
5945
5951
5952
5953
5955
5956
5959
5960
5962
5968
5973
5975
5981
5983
5984
5987
5992
5994
6001
6006
6019
6029
6030
6036
6041
6042
6044
6048
6050
6054
6060
6063
6065
6066
6067
6072
6073
6075
6079
6081
6085
6088
6092
6093
6094
6100
6105
6106
6107
6112
6113
6114
6118
6121
6124
6126
6128
6129
6130
6134
6135
6143
6145
6146
6147
6151
6152
6153
6157
6162
6164
6167
6168
6173
6177
6185
6186
6193
6196
6197
6198
6204
6207
6209
6215
6222
6226
6227
6228
6234
6236
6240
6241
6243
6246
6258
6260
6264
6268
6272
6277
6287
6290
6294
6298
6301
6304
6307
6309
6311
6315
6319
6322
6323
6324
6327
6329
6336
6338
6343
6350
6354
6357
6364
6374
6375
6380
6384
6387
6388
6389
6392
6394
6396
6399
6404
6405
6407
6414
6425
6427
6429
6432
6433
6434
6435
6436
6443
6445
6448
6453
6454
6456
6462
6466
6468
6474
6476
6479
6490
6495
6498
6499
6505
6507
6511
6520
6530
6531
6534
6536
6538
6539
6540
6542
6544
6546
6550
6568
6569
6570
6572
6574
6575
6577
6579
6580
6583
6586
6587
6590
6595
6611
6613
6614
6618
6621
6627
6635
6637
6641
6649
6660
6662
6665
6668
6674
6678
6682
6689
6690
6692
6695
6698
6699
6706
6711
6716
6717
6719
6720
6721
6723
6725
6726
6729
6730
6732
6733
6735
6739
6741
6742
6743
6745
6747
6748
6749
6755
6759
6762
6763
6764
6767
6771
6777
6780
6785
6789
6795
6799
6800
6801
6808
6809
6812
6813
6815
6824
6827
6832
6838
6839
6842
6845
6854
6860
6864
6865
6867
6871
6872
6873
6883
6884
6886
6887
6891
6894
6896
6898
6902
6906
6908
6909
6910
6911
6918
6923
6928
6930
6931
6932
6936
6937
6940
6943
6947
6952
6953
6957
6966
6967
6970
6973
6979
6984
6995
6997
6999
7001
7002
7006
7013
7014
7016
7023
7026
7029
7030
7036
7039
7044
7048
7055
7065
7066
7067
7072
7073
7075
7081
7085
7088
7089
7092
7093
7094
7097
7101
7105
7106
7111
7112
7114
7118
7121
7124
7126
7128
7129
7130
7133
7135
7145
7152
7153
7157
7159
7161
7162
7163
7168
7173
7174
7183
7193
7195
7197
7205
7207
7209
7210
7211
7215
7218
7219
7221
7222
7225
7226
7227
7228
7236
7243
7244
7246
7249
7251
7258
7260
7264
7269
7273
7276
7277
7282
7283
7289
7290
7294
7301
7304
7311
7314
7315
7321
7322
7323
7327
7329
7334
7337
7339
7350
7354
7360
7363
7364
7366
7372
7374
7375
7379
7380
7383
7384
7386
7387
7388
7392
7396
7398
7399
7420
7423
7425
7426
7429
7433
7434
7435
7436
7438
7439
7443
7445
7446
7448
7449
7453
7454
7460
7462
7466
7468
7474
7475
7479
7483
7484
7490
7496
7507
7511
7520
7522
7527
7529
7530
7531
7538
7539
7540
7542
7544
7567
7568
7570
7575
7577
7583
7586
7589
7590
7593
7597
7602
7605
7612
7614
7616
7617
7618
7621
7623
7627
7634
7635
7637
7647
7649
7655
7659
7662
7665
7673
7674
7678
7679
7680
7682
7685
7686
7688
7689
7690
7695
7698
7699
7701
7706
7711
7716
7719
7720
7721
7723
7725
7728
7729
7735
7739
7743
7745
7747
7748
7749
7751
7752
7759
7762
7763
7765
7771
7778
7785
7787
7788
7795
7796
7799
7801
7804
7809
7812
7813
7818
7822
7823
7824
7827
7832
7845
7850
7857
7864
7867
7870
7871
7872
7879
7883
7884
7889
7891
7892
7894
7896
7898
7900
7903
7904
7906
7908
7909
7910
7911
7916
7924
7926
7928
7929
7930
7933
7936
7938
7943
7952
7953
7956
7957
7960
7961
7966
7970
7973
7979
7980
7984
7990
7993
7999
8001
8004
8007
8018
8022
8030
8034
8036
8037
8041
8045
8050
8052
8053
8061
8062
8064
8065
8067
8070
8072
8073
8081
8085
8089
8092
8094
8098
8099
8105
8107
8110
8112
8114
8117
8127
8131
8136
8139
8141
8144
8151
8152
8154
8156
8157
8164
8166
8167
8171
8173
8178
8181
8184
8187
8189
8190
8194
8199
8201
8207
8208
8210
8215
8217
8221
8224
8230
8232
8234
8235
8239
8240
8243
8245
8247
8249
8250
8254
8259
8261
8264
8267
8269
8274
8278
8284
8285
8286
8287
8291
8303
8309
8316
8322
8328
8329
8334
8338
8340
8355
8368
8369
8372
8376
8378
8381
8385
8386
8390
8394
8395
8398
8402
8406
8417
8420
8424
8427
8430
8431
8438
8442
8443
8447
8448
8451
8454
8459
8460
8471
8473
8482
8487
8488
8489
8490
8492
8500
8511
8515
8516
8517
8518
8520
8521
8526
8528
8536
8537
8544
8545
8546
8548
8555
8557
8559
8565
8575
8577
8579
8584
8591
8595
8603
8604
8613
8625
8626
8630
8631
8632
8633
8639
8640
8652
8659
8663
8666
8669
8675
8676
8678
8680
8682
8690
8692
8693
8695
8708
8711
8712
8714
8737
8739
8741
8743
8746
8748
8753
8754
8757
8759
8761
8762
8765
8772
8773
8774
8790
8795
8798
8807
8810
8811
8817
8821
8822
8832
8833
8834
8835
8838
8839
8840
8842
8852
8853
8857
8861
8866
8869
8877
8879
8884
8903
8904
8908
8909
8915
8919
8922
8924
8925
8928
8929
8930
8933
8934
8935
8942
8950
8953
8966
8970
8974
8978
8994
9001
9018
9032
9036
9045
9052
9053
9055
9060
9061
9062
9064
9065
9069
9070
9071
9073
9076
9079
9081
9094
9099
9103
9110
9114
9117
9136
9137
9144
9149
9152
9154
9155
9157
9158
9161
9164
9174
9178
9184
9199
9203
9206
9208
9210
9215
9219
9220
9224
9226
9230
9235
9239
9241
9242
9243
9245
9246
9250
9254
9269
9275
9278
9287
9291
9310
9316
9321
9329
9332
9333
9340
9355
9359
9368
9369
9370
9378
9379
9381
9385
9389
9394
9398
9401
9402
9404
9406
9416
9417
9420
9424
9427
9429
9431
9435
9438
9442
9443
9447
9451
9452
9454
9459
9486
9487
9488
9489
9490
9499
9500
9511
9513
9515
9516
9519
9520
9526
9527
9528
9529
9531
9532
9534
9536
9537
9539
9540
9541
9545
9546
9548
9555
9557
9559
9569
9578
9579
9604
9605
9606
9610
9611
9613
9623
9625
9630
9632
9633
9636
9640
9641
9653
9675
9678
9682
9694
9702
9710
9714
9719
9733
9737
9739
9743
9753
9757
9759
9760
9761
9762
9773
9774
9785
9786
9790
9791
9792
9794
9807
9809
9811
9813
9822
9828
9832
9834
9835
9839
9840
9842
9845
9852
9857
9869
9883
9893
9898
9909
9912
9919
9928
9929
9946
9953
9958
9960
9962
9966
9970
9974
9978
9986
9990
9994
9995
