11
46
56
69
79
86
99
109
112
124
128
130
133
151
153
161
164
179
213
222
224
231
241
288
298
341
347
395
402
414
421
422
425
463
496
501
527
528
537
539
541
542
555
561
610
628
640
641
653
665
679
694
710
711
723
736
753
763
771
772
781
805
806
814
831
845
858
861
870
880
918
924
926
941
945
954
968
974
983
984
989
993
1014
1025
1038
1039
1043
1047
1052
1055
1058
1063
1074
1085
1138
1149
1151
1156
1164
1185
1229
1232
1237
1257
1258
1271
1307
1326
1338
1372
1400
1423
1434
1435
1440
1442
1449
1466
1471
1501
1506
1513
1516
1540
1575
1576
1578
1587
1594
1632
1638
1645
1660
1700
1719
1720
1723
1732
1745
1756
1764
1765
1778
1779
1816
1855
1857
1870
1884
1896
1898
1918
1931
1933
1934
1938
1949
1961
1967
1971
1972
1986
1987
1992
2003
2014
2043
2062
2080
2094
2117
2119
2121
2142
2144
2150
2164
2222
2230
2247
2257
2264
2314
2327
2336
2339
2352
2355
2357
2371
2401
2407
2416
2419
2426
2431
2458
2461
2470
2481
2484
2504
2510
2525
2528
2540
2589
2608
2622
2662
2696
2707
2713
2716
2773
2786
2797
2839
2843
2850
2860
2869
2892
2914
2920
2923
2933
2944
2966
2970
2975
3001
3009
3021
3031
3050
3054
3072
3085
3103
3104
3106
3110
3122
3123
3128
3137
3187
3199
3205
3209
3215
3235
3258
3266
3288
3333
3350
3351
3354
3356
3360
3363
3391
3394
3395
3398
3410
3419
3429
3430
3437
3454
3471
3472
3481
3502
3507
3516
3528
3534
3541
3559
3571
3594
3604
3609
3629
3631
3633
3634
3641
3651
3653
3659
3664
3672
3681
3687
3692
3699
3714
3732
3739
3749
3750
3764
3798
3808
3818
3845
3849
3851
3854
3859
3867
3872
3903
3904
3908
3915
3936
3937
3938
3939
3953
3968
4001
4004
4050
4051
4054
4072
4084
4085
4090
4103
4104
4106
4110
4121
4122
4128
4131
4149
4152
4154
4187
4191
4196
4199
4205
4215
4235
4252
4258
4266
4321
4333
4342
4345
4350
4351
4354
4356
4358
4363
4394
4401
4403
4410
4419
4424
4429
4437
4454
4457
4471
4472
4477
4493
4502
4506
4516
4518
4528
4541
4559
4569
4571
4582
4594
4604
4631
4641
4651
4652
4653
4659
4667
4676
4681
4687
4714
4726
4729
4739
4749
4751
4760
4764
4808
4818
4827
4845
4851
4854
4855
4859
4864
4872
4891
4904
4908
4939
4952
4953
4965
4968
4992
5001
5004
5009
5019
5021
5025
5035
5052
5055
5072
5085
5103
5104
5106
5110
5122
5143
5156
5165
5180
5187
5209
5215
5233
5256
5258
5266
5321
5342
5350
5351
5360
5363
5371
5394
5395
5398
5410
5417
5419
5424
5429
5437
5457
5471
5472
5502
5518
5528
5541
5559
5569
5571
5580
5594
5601
5604
5609
5631
5641
5644
5651
5653
5659
5739
5749
5760
5762
5764
5770
5818
5833
5835
5840
5845
5851
5854
5855
5859
5872
5886
5904
5952
5962
5963
5965
5968
5992
6002
6050
6064
6081
6092
6096
6104
6108
6120
6133
6134
6139
6142
6151
6157
6167
6174
6182
6189
6199
6206
6208
6218
6230
6283
6303
6304
6305
6306
6312
6330
6331
6332
6347
6366
6380
6385
6391
6406
6424
6429
6433
6445
6446
6449
6474
6481
6483
6488
6489
6494
6506
6537
6555
6558
6572
6585
6602
6622
6626
6649
6651
6683
6702
6704
6705
6706
6714
6721
6740
6741
6750
6751
6755
6762
6774
6780
6783
6794
6795
6796
6800
6808
6855
6873
6877
6884
6901
6910
6953
7002
7010
7025
7042
7050
7060
7069
7077
7081
7090
7092
7096
7104
7119
7136
7157
7166
7167
7174
7178
7189
7199
7230
7250
7252
7266
7283
7285
7303
7304
7305
7312
7330
7333
7340
7352
7366
7380
7385
7403
7406
7433
7434
7446
7447
7463
7474
7478
7481
7483
7493
7494
7512
7533
7537
7555
7558
7572
7602
7617
7622
7627
7635
7651
7673
7683
7704
7705
7706
7711
7714
7718
7735
7741
7780
7783
7793
7796
7800
7819
7866
7873
7892
7901
7906
7910
7932
7953
7969
7987
7996
8002
8013
8014
8037
8058
8062
8068
8076
8094
8120
8132
8142
8144
8164
8171
8215
8245
8263
8266
8279
8328
8335
8336
8337
8352
8361
8371
8373
8399
8400
8403
8417
8426
8461
8480
8481
8503
8504
8540
8598
8600
8608
8620
8662
8663
8687
8696
8713
8716
8718
8724
8775
8786
8793
8797
8806
8839
8843
8880
8892
8917
8926
8929
8933
8937
8966
8970
8975
9013
9080
9118
9124
9144
9163
9164
9171
9200
9215
9222
9230
9245
9270
9288
9314
9336
9339
9352
9395
9403
9417
9428
9431
9449
9461
9462
9470
9480
9481
9484
9491
9495
9497
9528
9589
9606
9622
9633
9637
9654
9662
9663
9687
9696
9713
9716
9718
9732
9775
9776
9797
9806
9818
9831
9839
9850
9860
9872
9891
9899
9920
9929
9944
9953
9966
9970
9975
9984
