2
5
25
44
48
57
58
66
72
111
114
142
143
158
200
206
209
210
213
224
262
268
288
293
301
327
346
365
367
373
381
382
383
388
390
391
410
426
429
443
453
458
480
511
513
525
527
563
585
588
598
600
620
627
648
652
669
677
687
708
724
734
736
744
754
778
780
823
824
838
875
880
888
892
893
903
918
957
968
969
981
985
987
995
1001
1020
1028
1043
1047
1054
1058
1064
1091
1098
1101
1110
1111
1141
1154
1159
1163
1167
1168
1176
1186
1208
1209
1216
1230
1242
1247
1250
1254
1257
1286
1292
1297
1304
1331
1341
1342
1344
1346
1375
1382
1387
1399
1406
1412
1430
1445
1449
1455
1456
1463
1489
1491
1504
1512
1521
1539
1542
1560
1561
1618
1629
1639
1645
1658
1668
1672
1735
1736
1752
1794
1796
1800
1828
1830
1842
1844
1852
1889
1911
1938
1946
1948
1955
1978
1987
2031
2032
2040
2047
2060
2108
2109
2115
2121
2134
2135
2149
2156
2209
2213
2218
2224
2229
2235
2263
2276
2283
2312
2313
2317
2328
2331
2365
2400
2401
2412
2416
2422
2426
2432
2440
2443
2459
2472
2473
2480
2504
2509
2510
2527
2528
2531
2542
2582
2591
2602
2615
2642
2643
2654
2665
2672
2687
2694
2714
2717
2729
2734
2737
2738
2740
2773
2820
2823
2824
2826
2831
2857
2867
2881
2900
2908
2910
2926
2927
2950
2961
2968
2974
2983
3005
3020
3022
3030
3036
3050
3051
3068
3075
3097
3110
3134
3135
3141
3163
3182
3192
3199
3236
3263
3276
3299
3313
3314
3319
3322
3324
3333
3340
3362
3369
3381
3388
3395
3417
3423
3441
3444
3454
3459
3462
3467
3483
3495
3508
3528
3531
3548
3562
3576
3592
3594
3595
3596
3608
3611
3617
3631
3635
3664
3666
3667
3671
3678
3707
3714
3727
3734
3768
3782
3800
3816
3837
3841
3842
3860
3875
3881
3885
3890
3911
3921
3924
3936
3961
3975
3976
4005
4007
4022
4028
4030
4075
4092
4099
4110
4119
4141
4146
4147
4192
4199
4217
4235
4236
4242
4299
4303
4319
4322
4324
4333
4345
4362
4376
4388
4390
4395
4417
4423
4441
4454
4460
4462
4467
4475
4485
4506
4508
4528
4531
4534
4548
4556
4558
4581
4592
4594
4595
4596
4602
4608
4611
4612
4617
4618
4620
4631
4644
4664
4666
4667
4671
4676
4678
4705
4707
4713
4714
4749
4750
4752
4768
4777
4780
4782
4800
4802
4812
4816
4827
4835
4838
4857
4867
4879
4881
4890
4911
4924
4941
4945
4976
4988
4998
5022
5036
5050
5051
5056
5068
5071
5075
5097
5110
5123
5135
5141
5146
5150
5151
5157
5165
5174
5182
5192
5199
5217
5232
5236
5254
5262
5278
5279
5285
5292
5299
5303
5313
5314
5315
5319
5333
5340
5362
5386
5388
5393
5395
5417
5423
5438
5444
5448
5449
5459
5460
5467
5483
5485
5488
5508
5528
5532
5538
5548
5556
5581
5592
5608
5617
5664
5666
5667
5671
5676
5698
5700
5705
5707
5713
5727
5745
5749
5759
5768
5780
5782
5816
5818
5841
5842
5845
5860
5875
5885
5890
5895
5911
5912
5924
5933
5936
5964
5976
5988
5997
6004
6026
6064
6068
6078
6088
6109
6118
6121
6153
6164
6168
6169
6175
6177
6178
6187
6188
6190
6193
6195
6210
6215
6224
6232
6236
6239
6249
6264
6272
6282
6286
6291
6295
6311
6339
6342
6364
6366
6369
6370
6385
6391
6409
6424
6425
6427
6430
6443
6446
6456
6457
6469
6470
6485
6491
6510
6512
6515
6522
6526
6560
6561
6563
6582
6588
6608
6611
6617
6629
6630
6647
6664
6670
6672
6673
6679
6680
6686
6689
6702
6718
6719
6729
6734
6745
6751
6754
6755
6774
6791
6799
6805
6812
6818
6823
6842
6852
6854
6857
6869
6873
6874
6878
6886
6889
6906
6909
6913
6919
6921
6925
6937
6944
6950
6956
6962
6967
6968
6970
6985
6995
7004
7010
7025
7029
7041
7060
7064
7066
7071
7088
7143
7151
7153
7169
7177
7178
7182
7187
7188
7193
7206
7210
7213
7217
7224
7232
7236
7253
7254
7264
7272
7279
7282
7295
7308
7312
7314
7342
7346
7360
7364
7366
7382
7386
7425
7430
7433
7435
7443
7446
7470
7472
7491
7515
7524
7559
7561
7563
7609
7624
7630
7672
7673
7679
7686
7689
7702
7716
7718
7719
7721
7734
7751
7754
7755
7764
7765
7785
7787
7788
7791
7805
7823
7825
7842
7852
7854
7869
7873
7886
7889
7898
7919
7921
7924
7932
7937
7942
7952
7958
7968
7970
7985
8018
8027
8032
8060
8076
8105
8115
8118
8121
8134
8149
8156
8172
8209
8213
8224
8230
8236
8246
8262
8263
8276
8289
8306
8312
8313
8317
8322
8331
8343
8355
8365
8376
8398
8401
8412
8426
8427
8440
8443
8444
8448
8459
8462
8472
8473
8480
8484
8499
8509
8510
8527
8531
8543
8546
8564
8582
8638
8655
8658
8665
8666
8672
8714
8717
8719
8729
8734
8738
8740
8750
8762
8787
8790
8824
8826
8838
8839
8842
8846
8857
8867
8869
8881
8889
8900
8901
8908
8913
8915
8926
8945
8951
8961
8971
8974
8985
8996
9011
9040
9047
9057
9060
9105
9108
9109
9115
9121
9134
9135
9149
9156
9162
9196
9224
9236
9263
9265
9271
9283
9289
9306
9312
9328
9331
9355
9365
9376
9411
9426
9427
9432
9443
9444
9448
9459
9462
9472
9473
9480
9484
9490
9504
9509
9510
9527
9531
9543
9570
9591
9643
9654
9655
9657
9665
9687
9712
9714
9717
9728
9729
9734
9737
9738
9740
9750
9790
9794
9800
9807
9824
9826
9838
9857
9863
9907
9908
9910
9912
9927
9938
9947
9950
9961
9971
9974
9983
9985
