8
17
19
22
28
60
82
95
110
117
118
125
128
147
157
159
161
172
183
186
189
195
196
197
198
199
201
207
224
225
226
244
255
262
286
299
309
314
319
322
338
346
351
366
372
402
416
419
421
422
431
444
445
448
450
466
470
482
484
488
491
492
496
502
525
546
548
558
595
604
606
626
669
679
690
701
702
705
707
710
743
759
760
771
774
780
788
791
793
794
810
818
828
836
844
848
852
853
871
877
885
890
896
899
913
925
930
932
943
952
961
962
968
975
979
990
993
1006
1011
1012
1014
1016
1030
1037
1040
1052
1059
1063
1065
1069
1077
1100
1110
1115
1117
1130
1133
1134
1144
1152
1155
1166
1181
1203
1207
1215
1221
1223
1236
1246
1247
1252
1261
1262
1283
1285
1287
1299
1305
1308
1311
1312
1315
1327
1332
1337
1340
1349
1356
1371
1377
1378
1380
1382
1386
1397
1405
1408
1413
1415
1431
1444
1453
1467
1471
1481
1489
1511
1515
1523
1552
1555
1560
1564
1571
1580
1582
1599
1603
1613
1617
1620
1635
1643
1645
1685
1699
1705
1714
1715
1718
1725
1728
1732
1745
1757
1758
1767
1770
1778
1790
1807
1815
1829
1830
1833
1835
1836
1837
1845
1849
1855
1873
1879
1886
1899
1902
1915
1918
1934
1936
1946
1955
1960
1969
1982
1984
2005
2006
2024
2026
2031
2032
2043
2044
2050
2051
2056
2068
2070
2074
2077
2079
2085
2100
2105
2111
2113
2119
2131
2136
2143
2146
2154
2155
2157
2166
2179
2182
2203
2204
2218
2236
2242
2269
2279
2282
2293
2296
2299
2301
2311
2340
2349
2350
2365
2370
2372
2375
2389
2413
2414
2417
2420
2423
2424
2427
2433
2438
2447
2453
2455
2459
2462
2475
2477
2487
2494
2496
2514
2528
2529
2534
2543
2547
2548
2561
2568
2580
2585
2587
2595
2599
2607
2617
2621
2629
2632
2650
2658
2679
2680
2695
2701
2706
2713
2722
2724
2726
2732
2759
2760
2764
2769
2774
2775
2781
2782
2786
2793
2794
2814
2827
2830
2847
2871
2873
2888
2893
2897
2903
2919
2920
2925
2938
2950
2951
2952
2953
2964
2970
2971
2981
2985
2986
2987
2988
2993
2996
2997
3003
3005
3008
3020
3025
3042
3053
3062
3071
3072
3077
3084
3097
3099
3100
3125
3127
3130
3138
3144
3147
3152
3153
3183
3186
3189
3190
3192
3196
3199
3206
3208
3215
3229
3240
3244
3247
3249
3253
3265
3274
3277
3278
3280
3283
3288
3293
3295
3301
3305
3310
3312
3313
3314
3331
3333
3354
3359
3375
3382
3387
3400
3402
3403
3405
3406
3414
3419
3421
3434
3452
3455
3461
3486
3489
3495
3505
3538
3546
3553
3554
3555
3567
3572
3599
3608
3616
3628
3632
3642
3648
3652
3654
3669
3674
3678
3685
3703
3713
3714
3723
3732
3733
3734
3737
3738
3745
3751
3753
3755
3757
3765
3781
3787
3789
3805
3816
3819
3822
3825
3827
3830
3831
3832
3836
3863
3865
3871
3873
3884
3894
3895
3900
3902
3909
3916
3920
3924
3927
3931
3934
3937
3938
3941
3948
3949
3954
3960
3961
3963
3978
3982
3999
4003
4008
4011
4020
4042
4048
4062
4071
4072
4077
4083
4084
4088
4089
4092
4097
4111
4114
4125
4130
4143
4144
4146
4152
4153
4175
4176
4187
4189
4190
4199
4206
4208
4215
4222
4240
4249
4251
4253
4259
4272
4277
4278
4280
4281
4282
4287
4288
4293
4295
4305
4306
4309
4312
4313
4314
4316
4317
4319
4325
4330
4342
4344
4346
4354
4359
4371
4375
4382
4390
4399
4402
4403
4406
4414
4419
4424
4434
4450
4455
4470
4480
4489
4494
4495
4497
4502
4505
4530
4538
4540
4546
4548
4553
4554
4567
4572
4579
4584
4597
4599
4607
4628
4642
4648
4652
4662
4668
4678
4681
4685
4699
4703
4708
4712
4714
4723
4732
4733
4738
4751
4754
4765
4766
4776
4787
4789
4805
4808
4810
4816
4820
4822
4825
4827
4836
4839
4841
4852
4863
4873
4884
4894
4895
4896
4900
4902
4909
4915
4924
4925
4927
4931
4934
4937
4940
4948
4949
4951
4958
4961
4963
4973
4974
4978
5001
5003
5008
5011
5020
5023
5030
5036
5042
5056
5062
5077
5084
5100
5107
5114
5125
5130
5138
5143
5153
5168
5170
5189
5190
5195
5199
5206
5208
5215
5222
5240
5249
5253
5254
5263
5272
5277
5278
5280
5287
5288
5293
5295
5309
5312
5313
5314
5320
5333
5335
5342
5346
5351
5354
5357
5359
5363
5382
5386
5388
5395
5400
5403
5405
5406
5417
5419
5424
5426
5429
5430
5434
5452
5461
5470
5486
5494
5495
5497
5502
5505
5523
5536
5540
5545
5546
5548
5553
5554
5555
5567
5580
5585
5597
5599
5613
5621
5628
5642
5648
5652
5661
5662
5665
5668
5669
5673
5674
5678
5685
5697
5699
5712
5713
5714
5723
5732
5733
5737
5738
5753
5765
5787
5789
5798
5816
5825
5827
5830
5836
5853
5861
5865
5869
5871
5873
5884
5890
5894
5895
5900
5909
5919
5920
5921
5922
5924
5927
5931
5934
5937
5940
5945
5948
5949
5953
5961
5966
5973
5978
6001
6003
6016
6021
6022
6025
6029
6030
6033
6041
6042
6044
6049
6057
6062
6064
6068
6075
6084
6087
6117
6119
6124
6126
6135
6141
6142
6145
6151
6154
6155
6158
6159
6165
6168
6175
6193
6194
6198
6200
6202
6203
6204
6206
6207
6209
6212
6213
6217
6229
6230
6234
6236
6240
6244
6245
6255
6256
6257
6268
6276
6279
6280
6284
6288
6292
6295
6310
6323
6327
6328
6333
6336
6343
6348
6356
6358
6359
6363
6377
6378
6385
6392
6399
6407
6409
6414
6419
6420
6422
6423
6429
6430
6438
6441
6442
6443
6449
6457
6458
6463
6465
6468
6479
6480
6481
6498
6499
6506
6510
6513
6519
6522
6525
6531
6546
6561
6569
6573
6574
6577
6583
6593
6599
6600
6601
6615
6617
6618
6621
6629
6632
6633
6646
6647
6653
6658
6659
6662
6664
6673
6675
6677
6683
6705
6706
6713
6714
6715
6718
6719
6728
6750
6753
6762
6767
6771
6775
6782
6783
6787
6789
6790
6792
6798
6801
6808
6816
6817
6824
6829
6834
6835
6851
6860
6862
6873
6882
6888
6892
6893
6903
6906
6912
6929
6936
6939
6941
6942
6950
6953
6965
6970
6972
6973
6979
6980
6987
6992
6999
7001
7003
7014
7016
7021
7022
7025
7027
7030
7041
7042
7049
7053
7057
7060
7068
7075
7084
7096
7107
7117
7120
7123
7126
7130
7135
7141
7142
7143
7145
7149
7151
7155
7158
7164
7168
7173
7175
7198
7200
7203
7206
7209
7210
7213
7216
7217
7229
7230
7235
7240
7255
7256
7257
7268
7269
7279
7284
7288
7290
7294
7295
7307
7310
7315
7321
7323
7325
7327
7330
7334
7336
7340
7343
7347
7348
7356
7359
7363
7378
7379
7384
7385
7390
7392
7399
7400
7407
7409
7419
7420
7423
7424
7425
7429
7430
7441
7442
7443
7450
7454
7455
7458
7468
7470
7475
7479
7481
7499
7506
7509
7510
7513
7517
7518
7523
7530
7536
7548
7561
7565
7574
7577
7595
7596
7599
7600
7607
7615
7616
7617
7618
7620
7621
7625
7629
7632
7633
7643
7646
7647
7659
7661
7673
7683
7695
7698
7705
7713
7715
7716
7718
7719
7728
7732
7744
7750
7754
7762
7767
7771
7775
7780
7787
7788
7789
7790
7791
7792
7794
7801
7804
7816
7817
7819
7829
7831
7832
7835
7841
7843
7846
7851
7853
7860
7864
7868
7869
7871
7873
7882
7888
7903
7906
7912
7939
7942
7948
7950
7953
7955
7966
7969
7970
7972
7973
7975
7977
7991
7994
7996
8006
8008
8024
8032
8033
8043
8044
8049
8050
8051
8052
8056
8058
8061
8068
8074
8079
8083
8094
8100
8105
8111
8118
8131
8136
8146
8155
8159
8179
8182
8190
8191
8201
8203
8204
8218
8229
8236
8252
8269
8282
8293
8294
8296
8299
8301
8307
8311
8312
8340
8350
8364
8365
8371
8372
8381
8389
8392
8393
8401
8411
8413
8416
8424
8432
8439
8441
8455
8462
8466
8475
8477
8487
8494
8512
8514
8527
8534
8548
8558
8561
8568
8571
8580
8585
8587
8589
8590
8595
8605
8607
8617
8621
8626
8632
8650
8659
8665
8667
8668
8695
8702
8706
8713
8717
8731
8732
8740
8759
8760
8764
8767
8769
8774
8775
8776
8784
8786
8787
8788
8793
8794
8809
8823
8827
8830
8847
8853
8871
8873
8876
8893
8897
8899
8900
8903
8906
8919
8925
8941
8942
8950
8951
8952
8953
8954
8955
8964
8970
8971
8981
8982
8985
8987
8988
8996
8997
8998
9014
9024
9026
9032
9043
9044
9049
9050
9051
9056
9074
9077
9078
9079
9081
9085
9096
9100
9101
9105
9111
9131
9136
9146
9154
9155
9169
9171
9179
9182
9191
9203
9204
9213
9218
9221
9241
9251
9252
9256
9269
9282
9287
9293
9296
9299
9311
9340
9349
9350
9352
9365
9372
9385
9392
9411
9413
9414
9416
9418
9420
9423
9424
9426
9427
9430
9431
9438
9439
9442
9443
9453
9454
9455
9466
9475
9477
9478
9487
9494
9512
9513
9529
9532
9534
9543
9558
9561
9568
9580
9585
9587
9592
9595
9597
9599
9607
9617
9621
9632
9639
9641
9650
9658
9662
9665
9671
9686
9695
9700
9702
9706
9708
9713
9717
9726
9728
9731
9732
9733
9740
9759
9760
9775
9781
9786
9788
9793
9798
9804
9827
9855
9871
9873
9876
9888
9891
9893
9899
9900
9903
9906
9919
9938
9946
9947
9950
9951
9952
9953
9964
9968
9970
9971
9981
9985
9986
9987
9988
9996
9997
