1011
1012
1013
1053
1054
1137
1138
1139
1149
1167
1168
1178
1215
1247
1248
1249
1255
1338
1339
14
1512
1513
1516
1537
1572
1579
1580
15
1628
1654
1667
1668
1669
1697
16
1786
1787
17
18
197
198
1999
19
2021
2022
2028
2069
2078
2090
2096
209
210
211
2130
2157
2163
2164
2165
217
218
219
2204
225
226
2287
2288
228
229
230
231
2452
245
246
2472
2473
2479
247
2495
2496
2499
24
2508
2517
2525
2553
2580
2590
2591
2592
2625
26
2704
2705
27
2855
2878
2879
2899
28
2900
2901
2907
2921
2930
2950
2978
2987
2988
2989
3022
303
304
305
3104
3105
3289
329
330
331
3327
3328
3332
3354
3361
3378
3399
3409
3451
3542
3543
3600
3718
3769
3770
3779
3787
3799
381
382
3830
383
3841
384
3854
385
386
387
388
391
392
4038
4039
404
405
406
416
417
418
4256
4257
4271
427
4286
4503
4504
4734
4735
4751
4766
496
497
498
4
5023
5024
502
503
5082
5083
514
515
51
520
521
522
5253
5254
5276
5277
52
53
5531
5532
5585
5586
5731
5732
5759
5760
579
580
581
5950
5951
5
6114
619
6208
6209
620
621
6316
6324
6338
6339
6358
6359
6378
6384
6385
6415
6416
6449
6450
6457
6462
6463
6464
6494
6500
6503
6586
6654
6655
6729
6764
6796
6843
6844
6902
6903
6904
6912
6913
6961
6962
6963
6986
6987
6
7002
7031
7032
7299
7329
7378
7379
7432
7445
7446
7493
7494
7495
7512
7532
7556
7557
7755
776
777
778
7820
782
7839
783
7882
7883
790
791
7921
7931
7932
7974
7975
7976
7
8003
8023
8031
8032
8209
8246
8260
8303
8304
8327
833
8347
8348
8372
8373
8374
8399
8406
8412
8413
8534
853
854
855
8564
8617
8618
8656
8657
8683
8684
8685
8714
8715
8731
8732
8863
8908
8909
891
8950
8951
8963
8964
8965
897
9001
9176
9231
9232
9275
9276
9288
9289
9290
9324
9473
9524
9525
954
9559
955
9560
9566
9567
9568
956
957
958
9596
966
967
9755
9807
9808
9842
9843
9851
9852
9853
9882
994
