1
3
191
192
198
202
203
209
210
211
216
234
235
242
243
265
266
316
321
336
367
368
378
379
425
426
469
504
514
519
535
587
589
590
591
592
594
595
596
597
598
610
611
616
617
620
621
622
624
647
649
650
690
692
697
698
725
763
793
796
844
860
868
869
870
871
889
890
904
905
906
907
908
909
922
932
954
970
985
995
996
997
1033
1040
1047
1098
1113
1140
1147
1166
1171
1188
1249
1250
1268
1269
1270
1305
1317
1322
1323
1760
1763
1779
1785
1786
1801
1802
1835
1839
1840
1845
1848
1882
1883
1884
1904
1905
1906
1925
1948
1959
1965
1969
1975
1976
1987
1988
1991
1992
2001
2006
2023
2033
2036
2043
2044
2052
2053
2054
2057
2058
2069
2073
2074
2075
2086
2098
2099
2103
2104
2122
2134
2142
2149
2150
2155
2167
2172
2173
2220
2222
2234
2246
2247
2339
2361
2368
2369
2473
2492
2505
2512
2514
2527
2528
2602
2655
2758
2992
3177
3197
3392
3394
3598
3994
3995
4194
4196
4198
4597
5194
5346
6289
7284
8777
10291
11198
11663
13890
15793
16428
