1024
1025
1043
1045
1073
1109
1121
113
114
1197
1277
1378
1390
1406
1422
1527
1538
1571
1583
1601
1611
1631
1636
1638
1686
1689
1699
1701
1718
1770
1776
1788
1890
1948
1983
2031
2155
2197
2228
2250
2260
2261
2273
2297
2315
2316
2361
24
2541
2666
2773
2774
2818
2881
2882
2883
2901
2941
2942
2943
2944
3027
3152
3243
34
3427
3466
3470
3555
3556
3580
3581
3582
3584
3586
3587
3625
3682
3705
3706
3732
3733
3734
3735
3798
4083
4101
4103
4113
4114
4115
4116
4138
4139
4204
4208
4232
429
4295
4310
4322
4547
4740
4741
4898
4899
5001
5010
5011
5021
5022
5023
5024
5025
5035
5037
5040
5052
5053
5054
5064
5068
5075
5076
5114
5116
5117
5125
5147
5148
5149
5150
5151
5152
5182
5190
5191
521
5219
5220
5243
5244
5245
5246
5257
5258
5259
5267
5268
5269
5270
5271
5272
5281
5282
5283
5284
5285
5286
5287
5288
5289
5290
5291
5292
5293
5294
5295
5296
5297
5298
5299
5300
5302
5303
5304
5305
5306
5307
5320
5321
5322
5323
5324
5325
5326
5333
5334
5335
5336
5357
5358
5359
5360
5361
5362
5363
5364
5365
5366
5367
5368
5369
5370
5371
5372
5373
5374
5375
5376
5398
5399
5400
5401
5402
5403
5404
5432
5434
5435
5436
5437
5438
5439
5440
5441
5442
5443
5444
5445
5446
5447
5448
5449
545
5450
5451
5452
5463
5475
5479
5480
5481
5482
5483
5484
5485
5486
5487
5501
5502
5504
5538
5559
5568
5630
5641
5642
5654
5655
5656
5662
5671
5680
5681
5699
5700
5713
5714
5715
5716
5734
5744
5745
5746
5747
5748
5749
5762
5763
5764
5765
5766
5768
5769
5779
5780
5781
5782
5783
5784
5785
5786
5787
5788
5789
5790
5798
5799
5800
5801
5802
5803
5821
5823
5824
5825
5826
5827
5828
5837
5838
5839
5840
5871
5872
5873
5874
5875
5876
5877
5878
5879
5880
5881
5882
5883
5884
5885
5886
5887
5888
5889
5890
5899
5916
5917
5918
5919
5920
5921
5922
5923
5935
5948
5949
5950
5951
5952
5953
5954
5955
5956
5957
5958
5971
5972
5973
5974
5975
5976
5977
5978
5979
5980
5983
5998
6199
623
6273
6275
6276
6303
6304
6305
6306
6307
6312
6313
6322
6323
6329
6343
6350
6352
6353
6354
6369
6370
6375
6382
6384
6385
6387
6389
6390
6478
6751
6756
6758
6759
6792
6802
6803
6804
6827
6830
6831
6847
6855
6862
6863
6879
6880
6908
6941
6946
6949
6952
6957
7040
7046
7047
7087
7088
7106
7119
7120
7180
7295
7314
7332
7341
7369
7370
7371
7372
7403
7441
7477
7543
7544
7654
7663
7664
7730
7731
7744
7785
7786
7796
7798
7927
7928
7929
7949
7950
7951
7952
7953
7972
8043
8044
8045
811
8127
8156
8157
8158
8159
8254
8284
8351
8399
8469
8478
8479
8488
8589
8592
8593
8595
860
8601
8602
8603
8659
8660
8672
8673
8674
8693
8694
8695
8766
8971
8972
9028
9029
9090
9091
9165
9233
9234
9242
9244
9256
9257
9268
9269
9305
9316
9349
9350
9351
9358
9360
9548
9569
9570
9624
9625
9626
9745
9754
9755
9770
9771
9778
9827
9828
9837
9838
9839
9841
9856
9857
9858
9926
