5011
5012
5020
5021
5033
5034
5043
5047
5048
5056
5057
5071
5072
5078
5079
5083
5092
5093
5099
5110
5115
5116
5144
5160
5175
5176
5179
5181
5182
5210
5214
5215
5219
5238
5247
5251
5269
5271
5272
5287
5288
5299
5300
5322
5323
5331
5332
5353
5357
5358
5363
5364
5387
5388
5412
5413
5415
5454
5455
5458
5485
5490
5493
5508
5510
5511
5530
5534
5567
5568
5572
5597
5598
5620
5621
5624
5625
5656
5657
5679
5687
5689
5720
5721
5725
5746
5748
5767
5770
5771
5775
5789
5794
5821
5846
5869
5870
5885
5886
5895
5897
5898
5926
5931
5932
5946
5963
8416
8469
