1033
1066
1470
1582
1587
1605
1614
1615
1631
1651
1652
1653
1654
177
208
246
249
250
251
302
392
5007
5008
5013
5014
5015
5017
5018
5019
5020
5026
5034
5035
5068
5081
5082
5098
5099
5120
5121
5122
5137
5138
5140
5141
5142
5143
5147
5148
5149
5150
5151
5152
5153
5189
5193
5194
5195
5196
5197
5198
5216
5217
5218
5219
5220
5221
5222
5236
5237
5238
5239
5246
5247
5248
5249
5258
5259
5260
5261
5262
5263
5290
5291
5292
5293
5301
5302
5304
5305
5306
5307
5317
5318
5319
5320
5321
5334
5335
5336
5337
5338
5339
5340
5341
5342
5349
5357
5358
5359
5360
5361
5362
5363
5372
5373
5374
5375
5376
5377
5378
5379
5380
5381
5402
5403
5404
5405
5406
5413
5417
5427
5440
5441
5442
5443
5444
5458
5459
5460
5487
5488
5489
5490
5495
5528
5533
5534
5535
5536
5540
5549
5550
5564
5565
5566
5567
5573
5574
5575
5576
5577
5584
5598
5620
5621
5622
5636
5637
5638
5639
5640
5641
5642
5651
5652
5653
5654
5655
5664
5665
5681
5683
5684
5685
5691
5692
5693
5694
5703
5704
5705
5706
5726
5737
5738
5755
5759
5760
5761
5763
5775
5776
5777
5778
5779
5780
5781
5782
5805
5806
5819
5830
5831
5852
5853
5854
5870
5871
5872
5873
5893
5903
5904
5932
5953
5954
5959
5960
5977
5978
5979
5990
5991
5998
5999
6000
67
817
890
891
895
896
897
898
975
976
977
978
979
