3006
3007
3075
3230
3520
5773
6001
6005
6006
6008
6010
6011
6016
6017
6020
6025
6026
6045
6048
6054
6059
6061
6073
6083
6091
6094
6100
6102
6106
6114
6117
6135
6136
6150
6155
6156
6158
6166
6168
6171
6176
6177
6182
6183
6187
6190
6191
6202
6212
6231
6232
6233
6235
6236
6238
6243
6257
6264
6267
6268
6278
6280
6288
6290
6293
6296
6311
6313
6314
6316
6317
6318
6319
6326
6337
6359
6365
6368
6369
6375
6376
6378
6389
6392
6397
6400
6401
6402
6403
6405
6407
6419
6424
6427
6438
6444
6445
6453
6454
6456
6462
6473
6478
6479
6481
6486
6489
6491
6493
6494
6500
6503
6504
6507
6509
6511
6512
6521
6533
6534
6535
6538
6539
6543
6544
6546
6547
6548
6552
6553
6555
6557
6558
6567
6574
6575
6576
6578
6579
6580
6586
6587
6588
6591
6593
6597
6602
6603
6610
6612
6615
6616
6620
6621
6622
6624
6625
6627
6628
6631
6632
6636
6637
6638
6642
6643
6644
6652
6656
6657
6661
6663
6666
6671
6672
6673
6675
6679
6680
6681
6683
6687
6690
6694
6695
6696
6699
6700
6702
6703
6704
6705
6706
6707
6709
6711
6712
6714
6715
6716
6717
6719
6720
6723
6724
6725
6726
6732
6733
6735
6741
6742
6743
6746
6748
6749
6750
6751
6752
6753
6756
6757
6759
6762
6767
6768
6769
6774
6775
6776
6777
6778
6779
6781
6786
6787
6792
6794
6797
6798
6799
6800
6801
6802
6803
6804
6810
6813
6815
6816
6817
6818
6819
6823
6824
6825
6827
6828
6829
6830
6833
6834
6837
6838
6840
6843
6845
6846
6851
6852
6853
6854
6857
6858
6859
6860
6861
6863
6865
6866
6867
6871
6872
6874
6875
6876
6877
6879
6889
6893
6895
6896
6900
6905
6907
6920
6921
6922
6923
6924
6929
6931
6932
6936
6938
6941
6945
6946
6948
6949
6950
6951
6953
6956
6957
6958
6959
6963
6964
6967
6968
6970
6973
6974
6975
6976
6986
6988
6991
6995
6996
6997
6998
7004
7005
7011
7013
7014
7016
7020
7021
7023
7025
7027
7029
7032
7033
7034
7036
7037
7039
7043
7044
7045
7047
7048
7050
7052
7059
7062
7063
7068
7069
7070
7075
7077
7083
7086
7090
7091
7093
7094
7095
7097
7098
7099
7101
7102
7103
7104
7107
7108
7109
7113
7114
7115
7116
7117
7119
7120
7121
7123
7124
7126
7128
7129
7130
7132
7133
7140
7141
7142
7144
7147
7148
7149
7150
7151
7154
7156
7157
7158
7160
7161
7169
7170
7173
7175
7176
7180
7181
7182
7183
7184
7187
7191
7193
7196
7198
7201
7206
7210
7214
7215
7221
7222
7223
7224
7225
7226
7227
7229
7230
7232
7237
7241
7242
7243
7251
7252
7257
7260
7262
7263
7265
7268
7269
7270
7271
7274
7275
7277
7278
7280
7282
7284
7286
7287
7289
7290
7296
7299
7300
7301
7303
7304
7306
7311
7312
7313
7314
7320
7321
7324
7327
7328
7330
7331
7332
7333
7334
7335
7338
7342
7343
7345
7346
7347
7352
7356
7359
7360
7362
7364
7365
7366
7367
7369
7371
7372
7377
7378
7379
7381
7382
7383
7384
7387
7390
7408
7410
7411
7414
7415
7417
7418
7422
7424
7426
7430
7431
7433
7436
7437
7440
7441
7442
7444
7446
7448
7449
7451
7452
7453
7454
7457
7458
7463
7466
7467
7469
7471
7475
7476
7494
7496
7497
7501
7502
7503
7504
7513
7514
7515
7516
7518
7519
7522
7527
7535
7540
7541
7542
7549
7555
7574
7575
7577
7579
7584
7592
7594
7595
7596
7600
7604
7606
7607
7609
7617
7624
7625
7626
7635
7640
7642
7646
7648
7649
7656
7658
7659
7660
7662
7665
7668
7670
7673
7674
7678
7683
7689
7690
7691
7692
7693
7695
7696
7697
7698
7704
7709
7715
7716
7719
7720
7727
7729
7734
7738
7745
7747
7750
7751
7754
7760
7765
7766
7767
7770
7774
7775
7777
7778
7779
7782
7783
7785
7788
7789
7793
7794
7798
7799
7807
7809
7816
7817
7819
7821
7828
7834
7836
7837
7838
7839
7841
7842
7846
7847
7849
7850
7851
7854
7855
7857
7859
7863
7866
7867
7869
7870
7881
7882
7886
7887
7888
7890
7899
7900
7901
7903
7904
7905
7906
7908
7910
7912
7914
7915
7916
7926
7929
7933
7937
7941
7942
7952
7954
7955
7957
7959
7960
7961
7962
7965
7966
7967
7971
7973
7975
7977
7979
7980
7981
7982
7984
7986
7989
7990
7991
7992
