6700
6702
6703
6704
6705
6706
6707
6709
6711
6712
6714
6715
6716
6717
6719
6720
6723
6724
6725
6726
6732
6733
6735
6741
6742
6743
6746
6748
6749
6750
6751
6752
6753
6756
6757
6759
6762
6767
6768
6769
6774
6775
6776
6777
6778
6779
6781
6786
6787
6792
6794
6797
6798
6799
6800
6801
6802
6803
6804
6810
6813
6815
6816
6817
6818
6819
6823
6824
6825
6827
6828
6829
6830
6833
6834
6837
6838
6840
6843
6845
6846
6851
6852
6853
6854
6857
6858
6859
6860
6861
6863
6865
6866
6867
6871
6872
6874
6875
6876
6877
6879
6889
6893
6895
6896
6900
6905
6907
6920
6921
6922
6924
6929
6931
6932
6936
6938
6941
6945
6946
6948
6949
6950
6951
6953
6956
6957
6958
6959
6963
6964
6967
6968
6970
6973
6974
6975
6976
6986
6988
6991
6995
6996
6997
6998
